wa_cases <- structure(list(date = structure(c(18349, 18350, 18351, 18352, 
18353, 18354, 18355, 18356, 18357, 18358, 18359, 18360, 18361, 
18362, 18363, 18364, 18365, 18366, 18367, 18368, 18369, 18370, 
18371, 18372, 18373, 18374, 18375, 18376, 18377, 18378, 18379, 
18380, 18381, 18382, 18383, 18384, 18385, 18386, 18387, 18388, 
18389, 18390, 18391, 18392, 18393, 18394, 18395, 18396, 18397, 
18398, 18399, 18400, 18401, 18402, 18403, 18404, 18405, 18349, 
18350, 18351, 18352, 18353, 18354, 18355, 18356, 18357, 18358, 
18359, 18360, 18361, 18362, 18363, 18364, 18365, 18366, 18367, 
18368, 18369, 18370, 18371, 18372, 18373, 18374, 18375, 18376, 
18377, 18378, 18379, 18380, 18381, 18382, 18383, 18384, 18385, 
18386, 18387, 18388, 18389, 18390, 18391, 18392, 18393, 18394, 
18395, 18396, 18397, 18398, 18399, 18400, 18401, 18402, 18403, 
18404, 18405, 18349, 18350, 18351, 18352, 18353, 18354, 18355, 
18356, 18357, 18358, 18359, 18360, 18361, 18362, 18363, 18364, 
18365, 18366, 18367, 18368, 18369, 18370, 18371, 18372, 18373, 
18374, 18375, 18376, 18377, 18378, 18379, 18380, 18381, 18382, 
18383, 18384, 18385, 18386, 18387, 18388, 18389, 18390, 18391, 
18392, 18393, 18394, 18395, 18396, 18397, 18398, 18399, 18400, 
18401, 18402, 18403, 18404, 18405), class = "Date"), cases = c(4030, 
4340, 4649, 5158, 5305, 6045, 6345, 6764, 7292, 7663, 8015, 8361, 
8801, 9211, 9586, 9877, 10016, 10315, 10559, 10785, 11183, 11332, 
11819, 11955, 12233, 12437, 12619, 12877, 13182, 13398, 13583, 
13763, 13994, 14267, 14560, 14903, 15122, 15410, 15557, 15844, 
16178, 16319, 16618, 16851, 17084, 17273, 17439, 17663, 17826, 
18176, 18332, 18557, 18759, 18923, 19051, 19206, 19206, 4311, 
4896, 5179, 5292, 5588, 6585, 6966, 7498, 7984, 8384, 8682, 9097, 
9608, 9887, 10224, 10411, 10538, 10694, 10783, 11152, 11445, 
11802, 11805, 12191, 12345, 12539, 12906, 13120, 13484, 13663, 
13864, 14059, 14378, 14696, 15010, 15253, 15809, 15905, 16081, 
16713, 17017, 17297, 17446, 17592, 17983, 18186, 18287, 18649, 
18913, 19109, 19281, 19521, 19746, 19864, 20033, 20274, 20472, 
4289, 4896, 5414, 5662, 6264, 6818, 7119, 7655, 8017, 8383, 8681, 
9096, 9606, 9884, 10223, 10411, 10537, 10693, 10778, 11148, 11444, 
11800, 11789, 12084, 12280, 12494, 12752, 12977, 13316, 13520, 
13686, 13841, 14070, 14326, 14634, 15001, 15181, 15459, 15593, 
15904, 16230, 16387, 16673, 16891, 17121, 17327, 17510, 17772, 
17951, 18288, 18432, 18609, 18809, 18970, 19116, 19265, 19585
), deaths = c(188, 198, 205, 225, 234, 271, 291, 315, 336, 381, 
400, 426, 456, 483, 495, 506, 513, 530, 552, 579, 603, 613, 636, 
643, 664, 686, 711, 722, 737, 749, 764, 786, 801, 814, 824, 830, 
834, 841, 862, 870, 891, 905, 921, 931, 945, 962, 974, 983, 991, 
999, 1001, 1002, 1031, 1037, 1044, 1050, 1050, 191, 207, 221, 
226, 249, 272, 293, 318, 344, 383, 409, 430, 456, 483, 498, 511, 
525, 552, 572, 588, 610, 629, 637, 661, 683, 696, 717, 731, 743, 
757, 771, 792, 805, 822, 829, 833, 840, 846, 863, 881, 903, 915, 
925, 939, 957, 972, 977, 991, 1008, 1015, 1016, 1020, 1042, 1045, 
1054, 1061, 1061, 184, 195, 218, 222, 251, 265, 288, 310, 338, 
372, 394, 421, 446, 474, 491, 508, 508, 541, 567, 583, 603, 624, 
634, 652, 682, 692, 711, 723, 738, 749, 765, 785, 800, 813, 822, 
829, 833, 840, 861, 869, 890, 904, 920, 930, 944, 961, 974, 982, 
991, 999, 1000, 1001, 1030, 1036, 1044, 1050, 0), source = structure(c(2L, 
2L, 2L, 2L, 2L, 2L, 2L, 2L, 2L, 2L, 2L, 2L, 2L, 2L, 2L, 2L, 2L, 
2L, 2L, 2L, 2L, 2L, 2L, 2L, 2L, 2L, 2L, 2L, 2L, 2L, 2L, 2L, 2L, 
2L, 2L, 2L, 2L, 2L, 2L, 2L, 2L, 2L, 2L, 2L, 2L, 2L, 2L, 2L, 2L, 
2L, 2L, 2L, 2L, 2L, 2L, 2L, 2L, 1L, 1L, 1L, 1L, 1L, 1L, 1L, 1L, 
1L, 1L, 1L, 1L, 1L, 1L, 1L, 1L, 1L, 1L, 1L, 1L, 1L, 1L, 1L, 1L, 
1L, 1L, 1L, 1L, 1L, 1L, 1L, 1L, 1L, 1L, 1L, 1L, 1L, 1L, 1L, 1L, 
1L, 1L, 1L, 1L, 1L, 1L, 1L, 1L, 1L, 1L, 1L, 1L, 1L, 1L, 1L, 1L, 
1L, 3L, 3L, 3L, 3L, 3L, 3L, 3L, 3L, 3L, 3L, 3L, 3L, 3L, 3L, 3L, 
3L, 3L, 3L, 3L, 3L, 3L, 3L, 3L, 3L, 3L, 3L, 3L, 3L, 3L, 3L, 3L, 
3L, 3L, 3L, 3L, 3L, 3L, 3L, 3L, 3L, 3L, 3L, 3L, 3L, 3L, 3L, 3L, 
3L, 3L, 3L, 3L, 3L, 3L, 3L, 3L, 3L, 3L), .Label = c("NYT", "JHU", 
"FACTS"), class = "factor")), class = c("tbl_df", "tbl", "data.frame"
), row.names = c(NA, -171L))

usethis::use_data(wa_cases, overwrite = TRUE)
